155 62 0 0
3  1 36 87
3  88 2 37
3  89 3 38
3  90 4 39
3  40 91 5
3  41 92 6
3  42 62 7
3  8 43 63
3  64 9 44
3  65 10 45
3  66 11 46
3  67 12 47
3  48 68 13
3  49 69 14
3  50 70 15
3  16 51 71
3  72 17 52
3  73 18 53
3  74 19 54
3  75 20 55
3  56 76 21
3  57 77 22
3  58 78 23
3  24 59 79
3  80 25 60
3  81 26 61
3  82 27 31
3  32 83 28
3  33 84 29
3  34 85 30
3  0 35 86
3  81 41 2
3  42 3 82
3  83 43 4
3  44 5 84
3  85 45 6
3  86 46 7
3  8 87 47
3  48 9 88
3  89 49 10
3  50 11 90
3  91 51 12
3  52 13 92
3  62 53 14
3  63 54 15
3  16 64 55
3  56 17 65
3  57 18 66
3  67 58 19
3  59 20 68
3  69 60 21
3  70 61 22
3  31 71 23
3  24 32 72
3  73 25 33
3  26 34 74
3  35 75 27
3  28 36 76
3  37 77 29
3  38 78 30
3  0 79 39
3  40 1 80
3  51 4 69
3  52 5 70
3  53 6 71
3  72 54 7
3  8 73 55
3  56 9 74
3  57 10 75
3  58 11 76
3  59 12 77
3  60 13 78
3  61 14 79
3  80 31 15
3  16 81 32
3  17 82 33
3  18 83 34
3  35 19 84
3  20 85 36
3  37 21 86
3  38 22 87
3  88 39 23
3  24 89 40
3  25 90 41
3  26 91 42
3  43 27 92
3  62 28 44
3  45 29 63
3  46 64 30
3  0 65 47
3  48 1 66
3  49 2 67
3  50 3 68
3  8 40 76
3  9 77 41
3  10 42 78
3  43 11 79
3  80 12 44
3  81 45 13
3  46 82 14
3  83 47 15
3  16 48 84
3  17 85 49
3  18 50 86
3  51 19 87
3  88 20 52
3  89 53 21
3  54 90 22
3  91 55 23
3  24 56 92
3  25 62 57
3  26 58 63
3  64 59 27
3  65 28 60
3  66 61 29
3  67 30 31
3  0 32 68
3  1 69 33
3  2 34 70
3  35 3 71
3  72 4 36
3  73 37 5
3  38 74 6
3  75 39 7
3  16 49 90
3  17 50 91
3  18 51 92
3  19 52 62
3  20 53 63
3  64 21 54
3  65 22 55
3  56 66 23
3  24 57 67
3  25 58 68
3  26 59 69
3  27 60 70
3  28 61 71
3  72 29 31
3  32 73 30
3  0 33 74
3  1 34 75
3  2 35 76
3  3 36 77
3  4 37 78
3  5 38 79
3  80 6 39
3  40 81 7
3  8 41 82
3  9 42 83
3  10 43 84
3  11 44 85
3  12 45 86
3  13 46 87
3  88 14 47
3  48 89 15
5 139 116 89 60 30
5 0 140 117 90 61
5 1 141 118 91 31
5 32 2 142 119 92
5 33 3 143 120 62
5 34 4 144 121 63
5 64 35 5 145 122
5 65 36 6 146 123
5 66 37 7 147 93
5 67 38 8 148 94
5 68 39 9 149 95
5 96 69 40 10 150
5 97 70 41 11 151
5 98 71 42 12 152
5 99 72 43 13 153
5 100 73 44 14 154
5 101 74 45 15 124
5 102 75 46 16 125
5 103 76 47 17 126
5 104 77 48 18 127
5 128 105 78 49 19
5 129 106 79 50 20
5 130 107 80 51 21
5 131 108 81 52 22
5 132 109 82 53 23
5 133 110 83 54 24
5 134 111 84 55 25
5 135 112 85 56 26
5 136 113 86 57 27
5 137 114 87 58 28
5 138 115 88 59 29
5 137 73 115 52 26
5 74 138 116 53 27
5 139 75 117 54 28
5 140 76 118 55 29
5 141 77 119 56 30
5 0 142 78 120 57
5 1 143 79 121 58
5 2 80 144 122 59
5 3 81 145 123 60
5 4 82 61 146 93
5 5 83 147 94 31
5 32 6 148 84 95
5 96 33 7 85 149
5 97 34 8 150 86
5 98 35 9 87 151
5 99 36 10 88 152
5 153 100 37 11 89
5 101 38 154 12 90
5 102 39 13 91 124
5 103 40 14 92 125
5 104 41 15 62 126
5 105 42 16 63 127
5 64 128 106 43 17
5 129 65 107 44 18
5 66 130 108 45 19
5 131 67 109 46 20
5 132 68 110 47 21
5 133 69 111 48 22
5 134 70 112 49 23
5 135 71 113 50 24
5 72 136 114 51 25
5 6 43 110 86 127
5 128 7 44 111 87
5 129 8 45 112 88
5 130 9 46 113 89
5 131 10 47 114 90
5 132 11 48 115 91
5 133 12 49 116 92
5 134 13 50 117 62
5 135 14 51 118 63
5 64 136 15 52 119
5 65 137 16 53 120
5 66 138 17 54 121
5 67 139 18 55 122
5 68 140 19 56 123
5 69 141 20 57 93
5 70 142 21 58 94
5 71 143 22 59 95
5 96 72 144 23 60
5 97 73 145 24 61
5 98 74 146 25 31
5 32 99 75 147 26
5 33 100 76 148 27
5 34 101 77 149 28
5 35 102 78 150 29
5 36 103 79 151 30
5 0 37 104 80 152
5 1 38 105 81 153
5 2 39 106 82 154
5 3 40 107 83 124
5 4 41 108 84 125
5 5 42 109 85 126
